2 0.290625 0.0484375 0.0734375 0.059375
2 0.3703125 0.0609375 0.065625 0.0671875
2 0.4359375 0.0515625 0.0609375 0.05
2 0.5 0.0640625 0.0609375 0.06875
2 0.58125 0.046875 0.071875 0.06875
7 0.80625 0.046875 0.021875 0.0828125
7 0.8328125 0.05 0.021875 0.084375
7 0.8609375 0.046875 0.0234375 0.0796875
7 0.8921875 0.05 0.0203125 0.08125
7 0.921875 0.0546875 0.021875 0.0890625
7 0.234375 0.353125 0.3859375 0.2640625
7 0.790625 0.3875 0.3609375 0.41875
7 0.184375 0.8953125 0.3015625 0.2078125
7 0.4859375 0.8953125 0.2859375 0.2078125
7 0.8 0.890625 0.3296875 0.2171875
9 0.2109375 0.5515625 0.3 0.1015625