7 0.1421875 0.0703125 0.265625 0.1078125
2 0.31875 0.065625 0.0765625 0.0765625
2 0.4015625 0.071875 0.065625 0.075
2 0.490625 0.0640625 0.0984375 0.053125
2 0.64375 0.075 0.065625 0.05
2 0.715625 0.0734375 0.0703125 0.05625
4 0.578125 0.0703125 0.0671875 0.06875
1 0.9625 0.078125 0.046875 0.046875
2 0.3828125 0.475 0.184375 0.078125
2 0.6078125 0.46875 0.1984375 0.0625
9 0.5046875 0.321875 0.8375 0.165625
9 0.215625 0.878125 0.409375 0.2421875
9 0.67421875 0.86171875 0.2796875 0.2765625
3 0.496875 0.31484375 0.99375 0.6296875