7 0.09375 0.0578125 0.1765625 0.0859375
2 0.2921875 0.0546875 0.096875 0.059375
2 0.4359375 0.0546875 0.1828125 0.0703125
2 0.609375 0.0515625 0.1390625 0.0859375
2 0.7296875 0.0640625 0.0671875 0.0890625
2 0.109375 0.775 0.1546875 0.04375
2 0.2640625 0.775 0.134375 0.0328125
2 0.4078125 0.7765625 0.11875 0.025
2 0.5453125 0.775 0.1140625 0.04375
2 0.6953125 0.778125 0.165625 0.05
2 0.8328125 0.7703125 0.0765625 0.071875
2 0.9125 0.7671875 0.05 0.0640625
2 0.103125 0.828125 0.1390625 0.0484375
2 0.24375 0.828125 0.1296875 0.0625
2 0.3734375 0.8265625 0.09375 0.034375
9 0.296875 0.89375 0.5578125 0.025
9 0.303125 0.25 0.584375 0.090625
9 0.2953125 0.340625 0.5671875 0.075
9 0.30625 0.5296875 0.5671875 0.303125
9 0.346875 0.7234375 0.6625 0.04375
9 0.809375 0.375 0.3328125 0.2953125
6 0.8265625 0.2828125 0.1671875 0.0375
6 0.83125 0.3265625 0.2046875 0.0453125
6 0.8171875 0.3625 0.1890625 0.028125
6 0.834375 0.396875 0.203125 0.0390625
6 0.853125 0.4328125 0.225 0.0484375
6 0.7296875 0.4921875 0.18125 0.059375
9 0.5046875 0.978125 0.571875 0.0421875