7 0.79375 0.1140625 0.334375 0.1734375
6 0.778125 0.7921875 0.190625 0.0765625
6 0.784375 0.8578125 0.2078125 0.084375
6 0.7890625 0.9375 0.215625 0.05625
9 0.359375 0.5921875 0.5765625 0.1453125
9 0.3578125 0.85625 0.5484375 0.1
9 0.38125 0.953125 0.5765625 0.0921875
9 0.1578125 0.3984375 0.178125 0.0859375
9 0.4609375 0.4015625 0.1765625 0.09375
9 0.7328125 0.3953125 0.1984375 0.084375
9 0.340625 0.3234375 0.184375 0.059375
9 0.534375 0.3171875 0.1609375 0.034375
9 0.153125 0.3265625 0.175 0.0609375
2 0.284375 0.021875 0.4375 0.04375
2 0.175 0.471875 0.053125 0.0390625
2 0.2265625 0.4703125 0.05 0.0359375
2 0.55 0.465625 0.5265625 0.01875
2 0.4484375 0.6875 0.0625 0.028125
2 0.30625 0.6765625 0.0515625 0.0390625
9 0.778125 0.7125 0.1859375 0.0390625
9 0.7375 0.55625 0.11875 0.0359375
9 0.73125 0.6 0.1046875 0.0375
9 0.7359375 0.640625 0.115625 0.0359375
9 0.1234375 0.771875 0.0671875 0.0359375