7 0.328125 0.140625 0.2421875 0.1296875
1 0.7859375 0.1125 0.021875 0.034375
5 0.721875 0.1515625 0.16875 0.0453125
2 0.9078125 0.978125 0.13125 0.04375
2 0.6953125 0.4875 0.140625 0.0625
2 0.78125 0.1515625 0.0375 0.034375
2 0.2828125 0.26875 0.1515625 0.04375
2 0.275 0.3171875 0.14375 0.0390625
2 0.2796875 0.359375 0.1515625 0.0375
2 0.2765625 0.4 0.1640625 0.0328125
2 0.26875 0.434375 0.14375 0.0390625
2 0.271875 0.4765625 0.153125 0.0484375
2 0.2703125 0.521875 0.159375 0.0359375
2 0.278125 0.5609375 0.1578125 0.0390625