7 0.14375 0.0609375 0.2125 0.0890625
9 0.2421875 0.390625 0.4203125 0.2328125
9 0.2390625 0.565625 0.4078125 0.0984375
9 0.2609375 0.9234375 0.4421875 0.1515625
2 0.965625 0.45625 0.0546875 0.075
2 0.25 0.1125 0.1078125 0.0203125
2 0.396875 0.096875 0.1359375 0.0515625
2 0.521875 0.10625 0.103125 0.0546875
2 0.6390625 0.1125 0.1078125 0.065625
2 0.8125 0.109375 0.190625 0.04375
2 0.93125 0.0859375 0.0625 0.059375
2 0.465625 0.025 0.1015625 0.0359375
2 0.5515625 0.0328125 0.0609375 0.053125
2 0.634375 0.03125 0.090625 0.025
2 0.715625 0.0296875 0.06875 0.0453125
2 0.7703125 0.021875 0.034375 0.04375
2 0.909375 0.0234375 0.18125 0.0296875
2 0.0203125 0.4625 0.040625 0.103125