7 0.2453125 0.234375 0.4109375 0.1078125
2 0.753125 0.25625 0.040625 0.0671875
2 0.7984375 0.259375 0.0421875 0.0625
2 0.8453125 0.259375 0.0375 0.0671875
2 0.8890625 0.2609375 0.03125 0.078125
2 0.928125 0.26875 0.0375 0.0765625
2 0.6578125 0.2078125 0.059375 0.05
2 0.7421875 0.209375 0.0875 0.0375
2 0.8359375 0.2046875 0.090625 0.04375
2 0.9203125 0.190625 0.0578125 0.05
2 0.7921875 0.6015625 0.228125 0.04375
2 0.7875 0.6640625 0.2546875 0.065625
5 0.796875 0.5234375 0.2734375 0.03125
5 0.7921875 0.559375 0.253125 0.0375
5 0.1515625 0.6609375 0.2171875 0.0765625
5 0.75625 0.325 0.24375 0.059375