7 0.2265625 0.0671875 0.3671875 0.0953125
7 0.840625 0.1171875 0.24375 0.2015625
9 0.2484375 0.159375 0.353125 0.0515625
9 0.26875 0.6984375 0.490625 0.1359375
9 0.3390625 0.8953125 0.6234375 0.2078125
9 0.821875 0.3703125 0.2640625 0.05
9 0.7890625 0.6375 0.2296875 0.040625
9 0.8046875 0.8328125 0.2328125 0.0609375
9 0.8203125 0.8984375 0.284375 0.0734375
2 0.0671875 0.2796875 0.075 0.05625
2 0.1703125 0.2875 0.1125 0.06875
2 0.271875 0.275 0.078125 0.065625
2 0.3734375 0.2765625 0.090625 0.0671875
2 0.4890625 0.2734375 0.1171875 0.0765625
2 0.828125 0.540625 0.1421875 0.053125
2 0.928125 0.721875 0.0953125 0.05625
2 0.9140625 0.959375 0.121875 0.0296875
5 0.8453125 0.4265625 0.234375 0.0328125
5 0.8421875 0.478125 0.2296875 0.05
5 0.7859375 0.721875 0.1921875 0.109375