7 0.0703125 0.0484375 0.1328125 0.075
2 0.89375 0.0375 0.184375 0.05625
5 0.4890625 0.0359375 0.2828125 0.04375
2 0.4921875 0.065625 0.06875 0.0234375
2 0.10625 0.1140625 0.06875 0.028125
2 0.1984375 0.1125 0.0671875 0.0515625
2 0.3171875 0.1140625 0.1375 0.0578125
2 0.44375 0.1109375 0.0984375 0.046875
2 0.565625 0.109375 0.0828125 0.05
2 0.6484375 0.1078125 0.06875 0.078125
2 0.759375 0.109375 0.09375 0.0453125
2 0.8640625 0.1125 0.0890625 0.0453125
9 0.5921875 0.1859375 0.35 0.0515625
9 0.5890625 0.259375 0.7765625 0.0890625
9 0.58125 0.390625 0.7703125 0.059375
9 0.590625 0.509375 0.184375 0.190625
9 0.078125 0.5890625 0.128125 0.8203125
2 0.9375 0.9875 0.1109375 0.025