7 0.125 0.04375 0.184375 0.08125
2 0.89375 0.0390625 0.1609375 0.075
2 0.5125 0.7203125 0.3140625 0.065625
2 0.1140625 0.3234375 0.146875 0.0578125
2 0.484375 0.325 0.2484375 0.0640625
2 0.8546875 0.33125 0.203125 0.0421875
4 0.2921875 0.0484375 0.059375 0.053125
4 0.409375 0.0421875 0.140625 0.0453125
4 0.553125 0.05 0.128125 0.0546875
4 0.69375 0.040625 0.1296875 0.053125
4 0.4625 0.0875 0.1421875 0.04375
4 0.5765625 0.09375 0.103125 0.04375
9 0.5015625 0.1953125 0.478125 0.1546875
9 0.5 0.6359375 0.8296875 0.096875
9 0.1421875 0.903125 0.209375 0.19375
9 0.375 0.9078125 0.2015625 0.1828125
9 0.61875 0.9078125 0.215625 0.1828125
9 0.8625 0.9109375 0.1875 0.178125