7 0.05625 0.0375 0.0953125 0.0671875
2 0.153125 0.03125 0.08125 0.05
2 0.2484375 0.03125 0.0734375 0.0453125
2 0.3453125 0.034375 0.1046875 0.0671875
2 0.459375 0.034375 0.103125 0.0671875
2 0.65546875 0.028125 0.0796875 0.05625
4 0.7296875 0.03125 0.0625 0.0625
4 0.8046875 0.03125 0.06875 0.0453125
4 0.78125 0.734375 0.384375 0.05
4 0.7828125 0.7921875 0.3765625 0.0546875
4 0.78125 0.8546875 0.4 0.0765625
2 0.9140625 0.0375 0.1390625 0.0515625
9 0.7765625 0.63125 0.3578125 0.134375
9 0.309375 0.8421875 0.5453125 0.228125