7 0.05625 0.1109375 0.1109375 0.134375
7 0.1328125 0.0796875 0.028125 0.0421875
7 0.159375 0.0796875 0.0171875 0.046875
7 0.1828125 0.0796875 0.01875 0.0484375
7 0.209375 0.078125 0.0265625 0.046875
7 0.234375 0.0796875 0.0203125 0.05625
7 0.2609375 0.0796875 0.021875 0.0609375
7 0.28125 0.078125 0.025 0.06875
5 0.4421875 0.071875 0.253125 0.040625
5 0.9015625 0.078125 0.1828125 0.0578125
2 0.1625 0.1421875 0.0953125 0.0421875
2 0.265625 0.1375 0.084375 0.025
2 0.3515625 0.1390625 0.065625 0.0375
2 0.4359375 0.1421875 0.06875 0.0484375
2 0.534375 0.1375 0.096875 0.059375
2 0.6328125 0.1359375 0.078125 0.046875
2 0.7328125 0.1421875 0.0859375 0.0421875
2 0.7671875 0.0734375 0.0734375 0.05
2 0.415625 0.534375 0.140625 0.0546875
2 0.625 0.5375 0.2359375 0.0609375
2 0.771875 0.765625 0.2828125 0.04375
2 0.9296875 0.9140625 0.0859375 0.05625
9 0.4625 0.934375 0.8578125 0.0765625
9 0.6875 0.5859375 0.1296875 0.03125
9 0.734375 0.64375 0.2 0.0296875
9 0.7328125 0.690625 0.0890625 0.0515625
9 0.9703125 0.6203125 0.0375 0.215625
9 0.590625 0.021875 0.778125 0.0421875