9 0.2765625 0.034375 0.553125 0.0671875
9 0.546875 0.196875 0.6421875 0.04375
9 0.3875 0.1203125 0.3375 0.1140625
9 0.496875 0.8703125 0.809375 0.14375
9 0.4953125 0.975 0.9453125 0.05
9 0.096875 0.7265625 0.1484375 0.0421875
2 0.16875 0.3359375 0.1265625 0.04375
2 0.490625 0.3375 0.1328125 0.0609375
2 0.8265625 0.334375 0.1203125 0.0578125
2 0.8234375 0.5046875 0.0890625 0.0546875
2 0.496875 0.503125 0.0921875 0.05
2 0.1703125 0.5046875 0.1078125 0.05625
2 0.496875 0.2609375 0.2359375 0.0515625
2 0.496875 0.39375 0.390625 0.0609375