7 0.3875 0.0375 0.5125 0.0609375
9 0.49375 0.6421875 0.359375 0.41875
4 0.384375 0.4140625 0.125 0.0359375
2 0.2234375 0.2015625 0.1046875 0.0328125
2 0.2171875 0.2453125 0.0890625 0.0265625
2 0.2125 0.2859375 0.08125 0.0328125
2 0.2140625 0.3265625 0.084375 0.040625
2 0.21875 0.371875 0.10625 0.0359375
2 0.2234375 0.4109375 0.1109375 0.028125
2 0.228125 0.4515625 0.1078125 0.025
2 0.2375 0.503125 0.1359375 0.0515625
2 0.9 0.9765625 0.11875 0.0453125
6 0.4640625 0.978125 0.1 0.0296875
9 0.24375 0.9796875 0.33125 0.0390625