9 0.2171875 0.1359375 0.34375 0.075
9 0.521875 0.23125 0.6515625 0.0765625
9 0.4375 0.378125 0.134375 0.2109375
9 0.3265625 0.5828125 0.340625 0.2171875
9 0.6640625 0.65625 0.3375 0.184375
9 0.7828125 0.428125 0.1265625 0.2609375
9 0.9109375 0.4078125 0.1328125 0.171875
9 0.9203125 0.7484375 0.134375 0.484375
9 0.5109375 0.803125 0.68125 0.0984375
9 0.6 0.925 0.4515625 0.1296875
9 0.0859375 0.675 0.1375 0.6453125
2 0.0890625 0.0140625 0.1296875 0.028125
2 0.215625 0.0171875 0.1171875 0.034375
2 0.3625 0.015625 0.1765625 0.0296875
2 0.5203125 0.0109375 0.1078125 0.0140625
2 0.6515625 0.021875 0.14375 0.0421875
2 0.809375 0.01875 0.10625 0.028125
2 0.078125 0.040625 0.1390625 0.028125
2 0.2390625 0.0453125 0.115625 0.0203125