7 0.1375 0.0328125 0.1671875 0.059375
9 0.725 0.0265625 0.25625 0.0484375
2 0.078125 0.0828125 0.05 0.03125
2 0.125 0.0875 0.0453125 0.0421875
2 0.178125 0.0875 0.04375 0.0375
2 0.2234375 0.0859375 0.0359375 0.0375
2 0.284375 0.0828125 0.0609375 0.0359375
2 0.3421875 0.084375 0.0359375 0.0375
2 0.3921875 0.0796875 0.0671875 0.053125
2 0.4515625 0.08125 0.053125 0.0453125
2 0.5328125 0.0875 0.084375 0.03125
2 0.91875 0.1328125 0.0390625 0.034375
2 0.509375 0.2265625 0.021875 0.053125
2 0.08125 0.2296875 0.0296875 0.0328125
2 0.7484375 0.4390625 0.05625 0.021875
7 0.2703125 0.4359375 0.078125 0.0640625
7 0.3609375 0.4390625 0.0796875 0.065625
7 0.44375 0.4375 0.06875 0.0671875
7 0.5390625 0.4328125 0.09375 0.0671875
7 0.4109375 0.5015625 0.10625 0.04375
7 0.396875 0.5578125 0.165625 0.0671875
7 0.4078125 0.6625 0.1484375 0.0953125
7 0.640625 0.584375 0.10625 0.1234375
7 0.64375 0.45625 0.090625 0.115625
7 0.803125 0.59375 0.16875 0.2015625
9 0.1296875 0.6625 0.153125 0.5078125
9 0.1203125 0.3796875 0.11875 0.05
9 0.325 0.375 0.1921875 0.0515625
9 0.7484375 0.371875 0.1046875 0.04375
9 0.8 0.8375 0.175 0.2265625
9 0.403125 0.821875 0.184375 0.0765625
9 0.40625 0.7546875 0.103125 0.0375
9 0.3921875 0.721875 0.1921875 0.0234375
9 0.36875 0.915625 0.3125 0.0578125
9 0.2890625 0.975 0.50625 0.040625
9 0.128125 0.14375 0.15 0.0359375
9 0.1609375 0.178125 0.20625 0.0265625
9 0.7859375 0.196875 0.1453125 0.146875
7 0.65 0.1953125 0.1015625 0.125