7 0.2984375 0.1046875 0.428125 0.11875
2 0.5515625 0.0953125 0.06875 0.075
2 0.61875 0.096875 0.0484375 0.0609375
2 0.6859375 0.096875 0.0734375 0.0765625
2 0.7765625 0.103125 0.090625 0.0671875
2 0.8609375 0.1109375 0.0640625 0.09375
2 0.50625 0.9578125 0.071875 0.0328125
2 0.6921875 0.021875 0.0453125 0.0359375
2 0.7984375 0.0265625 0.0375 0.04375
2 0.8609375 0.025 0.06875 0.0359375
2 0.7546875 0.025 0.0484375 0.05
2 0.446875 0.6 0.0375 0.05625
2 0.565625 0.5984375 0.0609375 0.0390625
9 0.509375 0.7546875 0.8046875 0.1828125